Слой 0.100000
Численное решение:
    0.009924    0.021461    0.023752    0.016590
    0.021461    0.046171    0.051059    0.035693
    0.023752    0.051059    0.056456    0.039473
    0.016590    0.035693    0.039473    0.027601

Точное решение:
    0.007622    0.017149    0.019054    0.013338
    0.017149    0.038585    0.042872    0.030010
    0.019054    0.042872    0.047636    0.033345
    0.013338    0.030010    0.033345    0.023341

Относительная ошибка:
    0.302091    0.251454    0.246533
    0.251454    0.196618    0.190962
    0.246533    0.190962    0.185169
Максимальная относительная ошибка: 0.302091


