Слой 9
Численное решение:
    0.002166    0.005612    0.008146    0.009759    0.010447    0.010209    0.009043    0.006950
    0.005612    0.014501    0.021028    0.025181    0.026951    0.026335    0.023330    0.017936
    0.008146    0.021028    0.030482    0.036494    0.039056    0.038162    0.033808    0.025995
    0.009759    0.025181    0.036494    0.043687    0.046751    0.045680    0.040470    0.031119
    0.010447    0.026951    0.039056    0.046751    0.050029    0.048883    0.043308    0.033302
    0.010209    0.026335    0.038162    0.045680    0.048883    0.047763    0.042317    0.032541
    0.009043    0.023330    0.033808    0.040470    0.043308    0.042317    0.037492    0.028832
    0.006950    0.017936    0.025995    0.031119    0.033302    0.032541    0.028832    0.022172

Точное решение:
    0.001991    0.005310    0.007743    0.009292    0.009955    0.009734    0.008628    0.006637
    0.005310    0.014159    0.020648    0.024778    0.026548    0.025958    0.023008    0.017698
    0.007743    0.020648    0.030112    0.036134    0.038715    0.037855    0.033553    0.025810
    0.009292    0.024778    0.036134    0.043361    0.046459    0.045426    0.040264    0.030972
    0.009955    0.026548    0.038715    0.046459    0.049777    0.048671    0.043140    0.033185
    0.009734    0.025958    0.037855    0.045426    0.048671    0.047589    0.042181    0.032447
    0.008628    0.023008    0.033553    0.040264    0.043140    0.042181    0.037388    0.028760
    0.006637    0.017698    0.025810    0.030972    0.033185    0.032447    0.028760    0.022123


